{'_mean_f1_score': 0.7201166294076462,
 'f1_score_video/03.mp4': 0.7450980392156864,
 'tp_video/03.mp4': 19,
 'fp_video/03.mp4': 9,
 'tn_video/03.mp4': 3163,
 'fn_video/03.mp4': 4,
 'f1_score_video/04.mp4': 0.568421052631579,
 'tp_video/04.mp4': 27,
 'fp_video/04.mp4': 38,
 'tn_video/04.mp4': 3320,
 'fn_video/04.mp4': 3,
 'f1_score_video/05.mp4': 0.4799999999999999,
 'tp_video/05.mp4': 18,
 'fp_video/05.mp4': 39,
 'tn_video/05.mp4': 5217,
 'fn_video/05.mp4': 0,
 'f1_score_video/07.mp4': 0.8571428571428572,
 'tp_video/07.mp4': 87,
 'fp_video/07.mp4': 14,
 'tn_video/07.mp4': 3205,
 'fn_video/07.mp4': 15,
 'f1_score_video/08.mp4': 0.84,
 'tp_video/08.mp4': 21,
 'fp_video/08.mp4': 6,
 'tn_video/08.mp4': 2581,
 'fn_video/08.mp4': 2,
 'f1_score_video/10.mp4': 0.9156626506024096,
 'tp_video/10.mp4': 38,
 'fp_video/10.mp4': 3,
 'tn_video/10.mp4': 2695,
 'fn_video/10.mp4': 4,
 'f1_score_video/14.mp4': 0.6551724137931034,
 'tp_video/14.mp4': 38,
 'fp_video/14.mp4': 38,
 'tn_video/14.mp4': 1863,
 'fn_video/14.mp4': 2,
 'f1_score_video/17.mp4': 0.7941176470588236,
 'tp_video/17.mp4': 27,
 'fp_video/17.mp4': 8,
 'tn_video/17.mp4': 2658,
 'fn_video/17.mp4': 6,
 'f1_score_video/21.mp4': 0.7471264367816093,
 'tp_video/21.mp4': 65,
 'fp_video/21.mp4': 29,
 'tn_video/21.mp4': 4789,
 'fn_video/21.mp4': 15,
 'f1_score_video/22.mp4': 0.5984251968503937,
 'tp_video/22.mp4': 38,
 'fp_video/22.mp4': 27,
 'tn_video/22.mp4': 3178,
 'fn_video/22.mp4': 24}