{'_mean_f1_score': 0.7546436305372475,
 'f1_score_video/03.mp4': 0.9047619047619047,
 'tp_video/03.mp4': 19,
 'fp_video/03.mp4': 0,
 'tn_video/03.mp4': 3172,
 'fn_video/03.mp4': 4,
 'f1_score_video/04.mp4': 0.7575757575757577,
 'tp_video/04.mp4': 25,
 'fp_video/04.mp4': 11,
 'tn_video/04.mp4': 3347,
 'fn_video/04.mp4': 5,
 'f1_score_video/05.mp4': 0.6923076923076924,
 'tp_video/05.mp4': 18,
 'fp_video/05.mp4': 16,
 'tn_video/05.mp4': 5240,
 'fn_video/05.mp4': 0,
 'f1_score_video/07.mp4': 0.8540540540540541,
 'tp_video/07.mp4': 79,
 'fp_video/07.mp4': 4,
 'tn_video/07.mp4': 3215,
 'fn_video/07.mp4': 23,
 'f1_score_video/08.mp4': 0.85,
 'tp_video/08.mp4': 17,
 'fp_video/08.mp4': 0,
 'tn_video/08.mp4': 2587,
 'fn_video/08.mp4': 6,
 'f1_score_video/10.mp4': 0.9090909090909091,
 'tp_video/10.mp4': 35,
 'fp_video/10.mp4': 0,
 'tn_video/10.mp4': 2698,
 'fn_video/10.mp4': 7,
 'f1_score_video/14.mp4': 0.74,
 'tp_video/14.mp4': 37,
 'fp_video/14.mp4': 23,
 'tn_video/14.mp4': 1878,
 'fn_video/14.mp4': 3,
 'f1_score_video/17.mp4': 0.7777777777777778,
 'tp_video/17.mp4': 21,
 'fp_video/17.mp4': 0,
 'tn_video/17.mp4': 2666,
 'fn_video/17.mp4': 12,
 'f1_score_video/21.mp4': 0.7092198581560285,
 'tp_video/21.mp4': 50,
 'fp_video/21.mp4': 11,
 'tn_video/21.mp4': 4807,
 'fn_video/21.mp4': 30,
 'f1_score_video/22.mp4': 0.3516483516483517,
 'tp_video/22.mp4': 16,
 'fp_video/22.mp4': 13,
 'tn_video/22.mp4': 3192,
 'fn_video/22.mp4': 46}