{'_mean_f1_score': 0.6727541852265527,
 'f1_score_video/03.mp4': 0.7894736842105263,
 'tp_video/03.mp4': 15,
 'fp_video/03.mp4': 0,
 'tn_video/03.mp4': 3172,
 'fn_video/03.mp4': 8,
 'f1_score_video/04.mp4': 0.8363636363636363,
 'tp_video/04.mp4': 23,
 'fp_video/04.mp4': 2,
 'tn_video/04.mp4': 3356,
 'fn_video/04.mp4': 7,
 'f1_score_video/05.mp4': 0.7906976744186047,
 'tp_video/05.mp4': 17,
 'fp_video/05.mp4': 8,
 'tn_video/05.mp4': 5248,
 'fn_video/05.mp4': 1,
 'f1_score_video/07.mp4': 0.7590361445783133,
 'tp_video/07.mp4': 63,
 'fp_video/07.mp4': 1,
 'tn_video/07.mp4': 3218,
 'fn_video/07.mp4': 39,
 'f1_score_video/08.mp4': 0.5625,
 'tp_video/08.mp4': 9,
 'fp_video/08.mp4': 0,
 'tn_video/08.mp4': 2587,
 'fn_video/08.mp4': 14,
 'f1_score_video/10.mp4': 0.7647058823529412,
 'tp_video/10.mp4': 26,
 'fp_video/10.mp4': 0,
 'tn_video/10.mp4': 2698,
 'fn_video/10.mp4': 16,
 'f1_score_video/14.mp4': 0.7368421052631579,
 'tp_video/14.mp4': 35,
 'fp_video/14.mp4': 20,
 'tn_video/14.mp4': 1881,
 'fn_video/14.mp4': 5,
 'f1_score_video/17.mp4': 0.7307692307692308,
 'tp_video/17.mp4': 19,
 'fp_video/17.mp4': 0,
 'tn_video/17.mp4': 2666,
 'fn_video/17.mp4': 14,
 'f1_score_video/21.mp4': 0.5546218487394958,
 'tp_video/21.mp4': 33,
 'fp_video/21.mp4': 6,
 'tn_video/21.mp4': 4812,
 'fn_video/21.mp4': 47,
 'f1_score_video/22.mp4': 0.20253164556962025,
 'tp_video/22.mp4': 8,
 'fp_video/22.mp4': 9,
 'tn_video/22.mp4': 3196,
 'fn_video/22.mp4': 54}