{'_mean_f1_score': 0.7565229371242255,
 'f1_score_video/03.mp4': 0.8085106382978724,
 'tp_video/03.mp4': 19,
 'fp_video/03.mp4': 5,
 'tn_video/03.mp4': 3167,
 'fn_video/03.mp4': 4,
 'f1_score_video/04.mp4': 0.6753246753246753,
 'tp_video/04.mp4': 26,
 'fp_video/04.mp4': 21,
 'tn_video/04.mp4': 3337,
 'fn_video/04.mp4': 4,
 'f1_score_video/05.mp4': 0.6,
 'tp_video/05.mp4': 18,
 'fp_video/05.mp4': 24,
 'tn_video/05.mp4': 5232,
 'fn_video/05.mp4': 0,
 'f1_score_video/07.mp4': 0.865979381443299,
 'tp_video/07.mp4': 84,
 'fp_video/07.mp4': 8,
 'tn_video/07.mp4': 3211,
 'fn_video/07.mp4': 18,
 'f1_score_video/08.mp4': 0.8837209302325583,
 'tp_video/08.mp4': 19,
 'fp_video/08.mp4': 1,
 'tn_video/08.mp4': 2586,
 'fn_video/08.mp4': 4,
 'f1_score_video/10.mp4': 0.9156626506024096,
 'tp_video/10.mp4': 38,
 'fp_video/10.mp4': 3,
 'tn_video/10.mp4': 2695,
 'fn_video/10.mp4': 4,
 'f1_score_video/14.mp4': 0.7047619047619047,
 'tp_video/14.mp4': 37,
 'fp_video/14.mp4': 28,
 'tn_video/14.mp4': 1873,
 'fn_video/14.mp4': 3,
 'f1_score_video/17.mp4': 0.8275862068965517,
 'tp_video/17.mp4': 24,
 'fp_video/17.mp4': 1,
 'tn_video/17.mp4': 2665,
 'fn_video/17.mp4': 9,
 'f1_score_video/21.mp4': 0.7564102564102564,
 'tp_video/21.mp4': 59,
 'fp_video/21.mp4': 17,
 'tn_video/21.mp4': 4801,
 'fn_video/21.mp4': 21,
 'f1_score_video/22.mp4': 0.5272727272727272,
 'tp_video/22.mp4': 29,
 'fp_video/22.mp4': 19,
 'tn_video/22.mp4': 3186,
 'fn_video/22.mp4': 33}