{'_mean_f1_score': 0.7201863176302299,
 'f1_score_video/03.mp4': 0.85,
 'tp_video/03.mp4': 17,
 'fp_video/03.mp4': 0,
 'tn_video/03.mp4': 3172,
 'fn_video/03.mp4': 6,
 'f1_score_video/04.mp4': 0.78125,
 'tp_video/04.mp4': 25,
 'fp_video/04.mp4': 9,
 'tn_video/04.mp4': 3349,
 'fn_video/04.mp4': 5,
 'f1_score_video/05.mp4': 0.6923076923076924,
 'tp_video/05.mp4': 18,
 'fp_video/05.mp4': 16,
 'tn_video/05.mp4': 5240,
 'fn_video/05.mp4': 0,
 'f1_score_video/07.mp4': 0.8333333333333333,
 'tp_video/07.mp4': 75,
 'fp_video/07.mp4': 3,
 'tn_video/07.mp4': 3216,
 'fn_video/07.mp4': 27,
 'f1_score_video/08.mp4': 0.7894736842105263,
 'tp_video/08.mp4': 15,
 'fp_video/08.mp4': 0,
 'tn_video/08.mp4': 2587,
 'fn_video/08.mp4': 8,
 'f1_score_video/10.mp4': 0.8169014084507042,
 'tp_video/10.mp4': 29,
 'fp_video/10.mp4': 0,
 'tn_video/10.mp4': 2698,
 'fn_video/10.mp4': 13,
 'f1_score_video/14.mp4': 0.7272727272727273,
 'tp_video/14.mp4': 36,
 'fp_video/14.mp4': 23,
 'tn_video/14.mp4': 1878,
 'fn_video/14.mp4': 4,
 'f1_score_video/17.mp4': 0.7777777777777778,
 'tp_video/17.mp4': 21,
 'fp_video/17.mp4': 0,
 'tn_video/17.mp4': 2666,
 'fn_video/17.mp4': 12,
 'f1_score_video/21.mp4': 0.6716417910447761,
 'tp_video/21.mp4': 45,
 'fp_video/21.mp4': 9,
 'tn_video/21.mp4': 4809,
 'fn_video/21.mp4': 35,
 'f1_score_video/22.mp4': 0.2619047619047619,
 'tp_video/22.mp4': 11,
 'fp_video/22.mp4': 11,
 'tn_video/22.mp4': 3194,
 'fn_video/22.mp4': 51}