'_mean_f1_score': 0.7664224824041578,
 'f1_score_video/03.mp4': 0.8444444444444444,
 'tp_video/03.mp4': 19,
 'fp_video/03.mp4': 3,
 'tn_video/03.mp4': 3169,
 'fn_video/03.mp4': 4,
 'f1_score_video/04.mp4': 0.7222222222222222,
 'tp_video/04.mp4': 26,
 'fp_video/04.mp4': 16,
 'tn_video/04.mp4': 3342,
 'fn_video/04.mp4': 4,
 'f1_score_video/05.mp4': 0.6666666666666666,
 'tp_video/05.mp4': 18,
 'fp_video/05.mp4': 18,
 'tn_video/05.mp4': 5238,
 'fn_video/05.mp4': 0,
 'f1_score_video/07.mp4': 0.8586387434554974,
 'tp_video/07.mp4': 82,
 'fp_video/07.mp4': 7,
 'tn_video/07.mp4': 3212,
 'fn_video/07.mp4': 20,
 'f1_score_video/08.mp4': 0.9047619047619047,
 'tp_video/08.mp4': 19,
 'fp_video/08.mp4': 0,
 'tn_video/08.mp4': 2587,
 'fn_video/08.mp4': 4,
 'f1_score_video/10.mp4': 0.925,
 'tp_video/10.mp4': 37,
 'fp_video/10.mp4': 1,
 'tn_video/10.mp4': 2697,
 'fn_video/10.mp4': 5,
 'f1_score_video/14.mp4': 0.7115384615384616,
 'tp_video/14.mp4': 37,
 'fp_video/14.mp4': 27,
 'tn_video/14.mp4': 1874,
 'fn_video/14.mp4': 3,
 'f1_score_video/17.mp4': 0.7857142857142856,
 'tp_video/17.mp4': 22,
 'fp_video/17.mp4': 1,
 'tn_video/17.mp4': 2665,
 'fn_video/17.mp4': 11,
 'f1_score_video/21.mp4': 0.75,
 'tp_video/21.mp4': 57,
 'fp_video/21.mp4': 15,
 'tn_video/21.mp4': 4803,
 'fn_video/21.mp4': 23,
 'f1_score_video/22.mp4': 0.49523809523809514,
 'tp_video/22.mp4': 26,
 'fp_video/22.mp4': 17,
 'tn_video/22.mp4': 3188,
 'fn_video/22.mp4': 36}