{'_mean_f1_score': 0.5955210270748561,
 'f1_score_video/03.mp4': 0.6769230769230768,
 'tp_video/03.mp4': 22,
 'fp_video/03.mp4': 20,
 'tn_video/03.mp4': 3152,
 'fn_video/03.mp4': 1,
 'f1_score_video/04.mp4': 0.3862068965517242,
 'tp_video/04.mp4': 28,
 'fp_video/04.mp4': 87,
 'tn_video/04.mp4': 3271,
 'fn_video/04.mp4': 2,
 'f1_score_video/05.mp4': 0.2647058823529412,
 'tp_video/05.mp4': 18,
 'fp_video/05.mp4': 100,
 'tn_video/05.mp4': 5156,
 'fn_video/05.mp4': 0,
 'f1_score_video/07.mp4': 0.7844827586206896,
 'tp_video/07.mp4': 91,
 'fp_video/07.mp4': 39,
 'tn_video/07.mp4': 3180,
 'fn_video/07.mp4': 11,
 'f1_score_video/08.mp4': 0.5714285714285714,
 'tp_video/08.mp4': 22,
 'fp_video/08.mp4': 32,
 'tn_video/08.mp4': 2555,
 'fn_video/08.mp4': 1,
 'f1_score_video/10.mp4': 0.8387096774193549,
 'tp_video/10.mp4': 39,
 'fp_video/10.mp4': 12,
 'tn_video/10.mp4': 2686,
 'fn_video/10.mp4': 3,
 'f1_score_video/14.mp4': 0.5571428571428572,
 'tp_video/14.mp4': 39,
 'fp_video/14.mp4': 61,
 'tn_video/14.mp4': 1840,
 'fn_video/14.mp4': 1,
 'f1_score_video/17.mp4': 0.6666666666666666,
 'tp_video/17.mp4': 30,
 'fp_video/17.mp4': 27,
 'tn_video/17.mp4': 2639,
 'fn_video/17.mp4': 3,
 'f1_score_video/21.mp4': 0.6306306306306306,
 'tp_video/21.mp4': 70,
 'fp_video/21.mp4': 72,
 'tn_video/21.mp4': 4746,
 'fn_video/21.mp4': 10,
 'f1_score_video/22.mp4': 0.5783132530120482,
 'tp_video/22.mp4': 48,
 'fp_video/22.mp4': 56,
 'tn_video/22.mp4': 3149,
 'fn_video/22.mp4': 14}