{'_mean_f1_score': 0.7316564590693079,
 'f1_score_video/03.mp4': 0.5405405405405406,
 'tp_video/03.mp4': 20,
 'fp_video/03.mp4': 31,
 'tn_video/03.mp4': 3141,
 'fn_video/03.mp4': 3,
 'f1_score_video/04.mp4': 0.8656716417910447,
 'tp_video/04.mp4': 29,
 'fp_video/04.mp4': 8,
 'tn_video/04.mp4': 3350,
 'fn_video/04.mp4': 1,
 'f1_score_video/05.mp4': 0.23376623376623376,
 'tp_video/05.mp4': 18,
 'fp_video/05.mp4': 118,
 'tn_video/05.mp4': 5138,
 'fn_video/05.mp4': 0,
 'f1_score_video/07.mp4': 0.9289099526066351,
 'tp_video/07.mp4': 98,
 'fp_video/07.mp4': 11,
 'tn_video/07.mp4': 3208,
 'fn_video/07.mp4': 4,
 'f1_score_video/08.mp4': 0.9787234042553191,
 'tp_video/08.mp4': 23,
 'fp_video/08.mp4': 1,
 'tn_video/08.mp4': 2586,
 'fn_video/08.mp4': 0,
 'f1_score_video/10.mp4': 0.7948717948717949,
 'tp_video/10.mp4': 31,
 'fp_video/10.mp4': 5,
 'tn_video/10.mp4': 2693,
 'fn_video/10.mp4': 11,
 'f1_score_video/14.mp4': 0.5925925925925926,
 'tp_video/14.mp4': 40,
 'fp_video/14.mp4': 55,
 'tn_video/14.mp4': 1846,
 'fn_video/14.mp4': 0,
 'f1_score_video/17.mp4': 0.8205128205128205,
 'tp_video/17.mp4': 32,
 'fp_video/17.mp4': 13,
 'tn_video/17.mp4': 2653,
 'fn_video/17.mp4': 1,
 'f1_score_video/21.mp4': 0.6666666666666666,
 'tp_video/21.mp4': 78,
 'fp_video/21.mp4': 76,
 'tn_video/21.mp4': 4742,
 'fn_video/21.mp4': 2,
 'f1_score_video/22.mp4': 0.8943089430894309,
 'tp_video/22.mp4': 55,
 'fp_video/22.mp4': 6,
 'tn_video/22.mp4': 3199,
 'fn_video/22.mp4': 7}