{'_mean_f1_score': 0.7367396033626745,
 'f1_score_video/03.mp4': 0.9302325581395349,
 'tp_video/03.mp4': 20,
 'fp_video/03.mp4': 0,
 'tn_video/03.mp4': 3172,
 'fn_video/03.mp4': 3,
 'f1_score_video/04.mp4': 0.5825242718446603,
 'tp_video/04.mp4': 30,
 'fp_video/04.mp4': 43,
 'tn_video/04.mp4': 3315,
 'fn_video/04.mp4': 0,
 'f1_score_video/05.mp4': 0.13654618473895583,
 'tp_video/05.mp4': 17,
 'fp_video/05.mp4': 214,
 'tn_video/05.mp4': 5042,
 'fn_video/05.mp4': 1,
 'f1_score_video/07.mp4': 0.9383886255924171,
 'tp_video/07.mp4': 99,
 'fp_video/07.mp4': 10,
 'tn_video/07.mp4': 3209,
 'fn_video/07.mp4': 3,
 'f1_score_video/08.mp4': 0.92,
 'tp_video/08.mp4': 23,
 'fp_video/08.mp4': 4,
 'tn_video/08.mp4': 2583,
 'fn_video/08.mp4': 0,
 'f1_score_video/10.mp4': 0.8275862068965518,
 'tp_video/10.mp4': 36,
 'fp_video/10.mp4': 9,
 'tn_video/10.mp4': 2689,
 'fn_video/10.mp4': 6,
 'f1_score_video/14.mp4': 0.5755395683453237,
 'tp_video/14.mp4': 40,
 'fp_video/14.mp4': 59,
 'tn_video/14.mp4': 1842,
 'fn_video/14.mp4': 0,
 'f1_score_video/17.mp4': 0.927536231884058,
 'tp_video/17.mp4': 32,
 'fp_video/17.mp4': 4,
 'tn_video/17.mp4': 2662,
 'fn_video/17.mp4': 1,
 'f1_score_video/21.mp4': 0.636734693877551,
 'tp_video/21.mp4': 78,
 'fp_video/21.mp4': 87,
 'tn_video/21.mp4': 4731,
 'fn_video/21.mp4': 2,
 'f1_score_video/22.mp4': 0.8923076923076922,
 'tp_video/22.mp4': 58,
 'fp_video/22.mp4': 10,
 'tn_video/22.mp4': 3195,
 'fn_video/22.mp4': 4}