{'_mean_f1_score': 0.7610204831896306,
 'f1_score_video/03.mp4': 0.878048780487805,
 'tp_video/03.mp4': 18,
 'fp_video/03.mp4': 0,
 'tn_video/03.mp4': 3172,
 'fn_video/03.mp4': 5,
 'f1_score_video/04.mp4': 0.7341772151898733,
 'tp_video/04.mp4': 29,
 'fp_video/04.mp4': 20,
 'tn_video/04.mp4': 3338,
 'fn_video/04.mp4': 1,
 'f1_score_video/05.mp4': 0.17708333333333334,
 'tp_video/05.mp4': 17,
 'fp_video/05.mp4': 157,
 'tn_video/05.mp4': 5099,
 'fn_video/05.mp4': 1,
 'f1_score_video/07.mp4': 0.9302325581395348,
 'tp_video/07.mp4': 100,
 'fp_video/07.mp4': 13,
 'tn_video/07.mp4': 3206,
 'fn_video/07.mp4': 2,
 'f1_score_video/08.mp4': 0.9387755102040816,
 'tp_video/08.mp4': 23,
 'fp_video/08.mp4': 3,
 'tn_video/08.mp4': 2584,
 'fn_video/08.mp4': 0,
 'f1_score_video/10.mp4': 0.8500000000000001,
 'tp_video/10.mp4': 34,
 'fp_video/10.mp4': 4,
 'tn_video/10.mp4': 2694,
 'fn_video/10.mp4': 8,
 'f1_score_video/14.mp4': 0.5379310344827586,
 'tp_video/14.mp4': 39,
 'fp_video/14.mp4': 66,
 'tn_video/14.mp4': 1835,
 'fn_video/14.mp4': 1,
 'f1_score_video/17.mp4': 0.9032258064516129,
 'tp_video/17.mp4': 28,
 'fp_video/17.mp4': 1,
 'tn_video/17.mp4': 2665,
 'fn_video/17.mp4': 5,
 'f1_score_video/21.mp4': 0.6940639269406393,
 'tp_video/21.mp4': 76,
 'fp_video/21.mp4': 63,
 'tn_video/21.mp4': 4755,
 'fn_video/21.mp4': 4,
 'f1_score_video/22.mp4': 0.9666666666666666,
 'tp_video/22.mp4': 58,
 'fp_video/22.mp4': 0,
 'tn_video/22.mp4': 3205,
 'fn_video/22.mp4': 4}