{'_mean_f1_score': 0.7591831901891487,
 'f1_score_video/03.mp4': 0.909090909090909,
 'tp_video/03.mp4': 20,
 'fp_video/03.mp4': 1,
 'tn_video/03.mp4': 3171,
 'fn_video/03.mp4': 3,
 'f1_score_video/04.mp4': 0.6823529411764705,
 'tp_video/04.mp4': 29,
 'fp_video/04.mp4': 26,
 'tn_video/04.mp4': 3332,
 'fn_video/04.mp4': 1,
 'f1_score_video/05.mp4': 0.1619047619047619,
 'tp_video/05.mp4': 17,
 'fp_video/05.mp4': 175,
 'tn_video/05.mp4': 5081,
 'fn_video/05.mp4': 1,
 'f1_score_video/07.mp4': 0.9166666666666667,
 'tp_video/07.mp4': 99,
 'fp_video/07.mp4': 15,
 'tn_video/07.mp4': 3204,
 'fn_video/07.mp4': 3,
 'f1_score_video/08.mp4': 0.9019607843137255,
 'tp_video/08.mp4': 23,
 'fp_video/08.mp4': 5,
 'tn_video/08.mp4': 2582,
 'fn_video/08.mp4': 0,
 'f1_score_video/10.mp4': 0.8780487804878048,
 'tp_video/10.mp4': 36,
 'fp_video/10.mp4': 4,
 'tn_video/10.mp4': 2694,
 'fn_video/10.mp4': 6,
 'f1_score_video/14.mp4': 0.6106870229007634,
 'tp_video/14.mp4': 40,
 'fp_video/14.mp4': 51,
 'tn_video/14.mp4': 1850,
 'fn_video/14.mp4': 0,
 'f1_score_video/17.mp4': 0.90625,
 'tp_video/17.mp4': 29,
 'fp_video/17.mp4': 2,
 'tn_video/17.mp4': 2664,
 'fn_video/17.mp4': 4,
 'f1_score_video/21.mp4': 0.6724890829694323,
 'tp_video/21.mp4': 77,
 'fp_video/21.mp4': 72,
 'tn_video/21.mp4': 4746,
 'fn_video/21.mp4': 3,
 'f1_score_video/22.mp4': 0.9523809523809523,
 'tp_video/22.mp4': 60,
 'fp_video/22.mp4': 4,
 'tn_video/22.mp4': 3201,
 'fn_video/22.mp4': 2}