{'_mean_f1_score': 0.4649651447107539,
 'f1_score_video/03.mp4': 0.8070175438596492,
 'tp_video/03.mp4': 23,
 'fp_video/03.mp4': 11,
 'tn_video/03.mp4': 3161,
 'fn_video/03.mp4': 0,
 'f1_score_video/04.mp4': 0.15113350125944583,
 'tp_video/04.mp4': 30,
 'fp_video/04.mp4': 337,
 'tn_video/04.mp4': 3021,
 'fn_video/04.mp4': 0,
 'f1_score_video/05.mp4': 0.042007001166861145,
 'tp_video/05.mp4': 18,
 'fp_video/05.mp4': 821,
 'tn_video/05.mp4': 4435,
 'fn_video/05.mp4': 0,
 'f1_score_video/07.mp4': 0.5230769230769231,
 'tp_video/07.mp4': 102,
 'fp_video/07.mp4': 186,
 'tn_video/07.mp4': 3033,
 'fn_video/07.mp4': 0,
 'f1_score_video/08.mp4': 0.44660194174757273,
 'tp_video/08.mp4': 23,
 'fp_video/08.mp4': 57,
 'tn_video/08.mp4': 2530,
 'fn_video/08.mp4': 0,
 'f1_score_video/10.mp4': 0.7476635514018692,
 'tp_video/10.mp4': 40,
 'fp_video/10.mp4': 25,
 'tn_video/10.mp4': 2673,
 'fn_video/10.mp4': 2,
 'f1_score_video/14.mp4': 0.1923076923076923,
 'tp_video/14.mp4': 40,
 'fp_video/14.mp4': 336,
 'tn_video/14.mp4': 1565,
 'fn_video/14.mp4': 0,
 'f1_score_video/17.mp4': 0.5641025641025641,
 'tp_video/17.mp4': 33,
 'fp_video/17.mp4': 51,
 'tn_video/17.mp4': 2615,
 'fn_video/17.mp4': 0,
 'f1_score_video/21.mp4': 0.45481049562682213,
 'tp_video/21.mp4': 78,
 'fp_video/21.mp4': 185,
 'tn_video/21.mp4': 4633,
 'fn_video/21.mp4': 2,
 'f1_score_video/22.mp4': 0.7209302325581396,
 'tp_video/22.mp4': 62,
 'fp_video/22.mp4': 48,
 'tn_video/22.mp4': 3157,
 'fn_video/22.mp4': 0}