{'_mean_f1_score': 0.7067294271979947,
 'f1_score_video/03.mp4': 0.5625,
 'tp_video/03.mp4': 9,
 'fp_video/03.mp4': 0,
 'tn_video/03.mp4': 3172,
 'fn_video/03.mp4': 14,
 'f1_score_video/04.mp4': 0.8214285714285715,
 'tp_video/04.mp4': 23,
 'fp_video/04.mp4': 3,
 'tn_video/04.mp4': 3355,
 'fn_video/04.mp4': 7,
 'f1_score_video/05.mp4': 0.21118012422360247,
 'tp_video/05.mp4': 17,
 'fp_video/05.mp4': 126,
 'tn_video/05.mp4': 5130,
 'fn_video/05.mp4': 1,
 'f1_score_video/07.mp4': 0.9435897435897437,
 'tp_video/07.mp4': 92,
 'fp_video/07.mp4': 1,
 'tn_video/07.mp4': 3218,
 'fn_video/07.mp4': 10,
 'f1_score_video/08.mp4': 0.9545454545454545,
 'tp_video/08.mp4': 21,
 'fp_video/08.mp4': 0,
 'tn_video/08.mp4': 2587,
 'fn_video/08.mp4': 2,
 'f1_score_video/10.mp4': 0.6875000000000001,
 'tp_video/10.mp4': 22,
 'fp_video/10.mp4': 0,
 'tn_video/10.mp4': 2698,
 'fn_video/10.mp4': 20,
 'f1_score_video/14.mp4': 0.41081081081081083,
 'tp_video/14.mp4': 38,
 'fp_video/14.mp4': 107,
 'tn_video/14.mp4': 1794,
 'fn_video/14.mp4': 2,
 'f1_score_video/17.mp4': 0.7547169811320755,
 'tp_video/17.mp4': 20,
 'fp_video/17.mp4': 0,
 'tn_video/17.mp4': 2666,
 'fn_video/17.mp4': 13,
 'f1_score_video/21.mp4': 0.9367088607594937,
 'tp_video/21.mp4': 74,
 'fp_video/21.mp4': 4,
 'tn_video/21.mp4': 4814,
 'fn_video/21.mp4': 6,
 'f1_score_video/22.mp4': 0.7843137254901961,
 'tp_video/22.mp4': 40,
 'fp_video/22.mp4': 0,
 'tn_video/22.mp4': 3205,
 'fn_video/22.mp4': 22}