{'_mean_f1_score': 0.41869885862424205,
 'f1_score_video/03.mp4': 0.4842105263157894,
 'tp_video/03.mp4': 23,
 'fp_video/03.mp4': 49,
 'tn_video/03.mp4': 3123,
 'fn_video/03.mp4': 0,
 'f1_score_video/04.mp4': 0.15113350125944583,
 'tp_video/04.mp4': 30,
 'fp_video/04.mp4': 337,
 'tn_video/04.mp4': 3021,
 'fn_video/04.mp4': 0,
 'f1_score_video/05.mp4': 0.042007001166861145,
 'tp_video/05.mp4': 18,
 'fp_video/05.mp4': 821,
 'tn_video/05.mp4': 4435,
 'fn_video/05.mp4': 0,
 'f1_score_video/07.mp4': 0.5177664974619289,
 'tp_video/07.mp4': 102,
 'fp_video/07.mp4': 190,
 'tn_video/07.mp4': 3029,
 'fn_video/07.mp4': 0,
 'f1_score_video/08.mp4': 0.44660194174757273,
 'tp_video/08.mp4': 23,
 'fp_video/08.mp4': 57,
 'tn_video/08.mp4': 2530,
 'fn_video/08.mp4': 0,
 'f1_score_video/10.mp4': 0.7142857142857142,
 'tp_video/10.mp4': 40,
 'fp_video/10.mp4': 30,
 'tn_video/10.mp4': 2668,
 'fn_video/10.mp4': 2,
 'f1_score_video/14.mp4': 0.1900237529691211,
 'tp_video/14.mp4': 40,
 'fp_video/14.mp4': 341,
 'tn_video/14.mp4': 1560,
 'fn_video/14.mp4': 0,
 'f1_score_video/17.mp4': 0.5038167938931297,
 'tp_video/17.mp4': 33,
 'fp_video/17.mp4': 65,
 'tn_video/17.mp4': 2601,
 'fn_video/17.mp4': 0,
 'f1_score_video/21.mp4': 0.4285714285714286,
 'tp_video/21.mp4': 78,
 'fp_video/21.mp4': 206,
 'tn_video/21.mp4': 4612,
 'fn_video/21.mp4': 2,
 'f1_score_video/22.mp4': 0.7085714285714285,
 'tp_video/22.mp4': 62,
 'fp_video/22.mp4': 51,
 'tn_video/22.mp4': 3154,
 'fn_video/22.mp4': 0}