{'_mean_f1_score': 0.7554562131308236,
 'f1_score_video/03.mp4': 0.909090909090909,
 'tp_video/03.mp4': 20,
 'fp_video/03.mp4': 1,
 'tn_video/03.mp4': 3171,
 'fn_video/03.mp4': 3,
 'f1_score_video/04.mp4': 0.7160493827160493,
 'tp_video/04.mp4': 29,
 'fp_video/04.mp4': 22,
 'tn_video/04.mp4': 3336,
 'fn_video/04.mp4': 1,
 'f1_score_video/05.mp4': 0.17258883248730963,
 'tp_video/05.mp4': 17,
 'fp_video/05.mp4': 162,
 'tn_video/05.mp4': 5094,
 'fn_video/05.mp4': 1,
 'f1_score_video/07.mp4': 0.9166666666666667,
 'tp_video/07.mp4': 99,
 'fp_video/07.mp4': 15,
 'tn_video/07.mp4': 3204,
 'fn_video/07.mp4': 3,
 'f1_score_video/08.mp4': 0.92,
 'tp_video/08.mp4': 23,
 'fp_video/08.mp4': 4,
 'tn_video/08.mp4': 2583,
 'fn_video/08.mp4': 0,
 'f1_score_video/10.mp4': 0.8780487804878048,
 'tp_video/10.mp4': 36,
 'fp_video/10.mp4': 4,
 'tn_video/10.mp4': 2694,
 'fn_video/10.mp4': 6,
 'f1_score_video/14.mp4': 0.4727272727272727,
 'tp_video/14.mp4': 39,
 'fp_video/14.mp4': 86,
 'tn_video/14.mp4': 1815,
 'fn_video/14.mp4': 1,
 'f1_score_video/17.mp4': 0.923076923076923,
 'tp_video/17.mp4': 30,
 'fp_video/17.mp4': 2,
 'tn_video/17.mp4': 2664,
 'fn_video/17.mp4': 3,
 'f1_score_video/21.mp4': 0.6785714285714285,
 'tp_video/21.mp4': 76,
 'fp_video/21.mp4': 68,
 'tn_video/21.mp4': 4750,
 'fn_video/21.mp4': 4,
 'f1_score_video/22.mp4': 0.967741935483871,
 'tp_video/22.mp4': 60,
 'fp_video/22.mp4': 2,
 'tn_video/22.mp4': 3203,
 'fn_video/22.mp4': 2}