{'_mean_f1_score': 0.7426312010060838,
 'f1_score_video/03.mp4': 0.909090909090909,
 'tp_video/03.mp4': 20,
 'fp_video/03.mp4': 1,
 'tn_video/03.mp4': 3171,
 'fn_video/03.mp4': 3,
 'f1_score_video/04.mp4': 0.6444444444444445,
 'tp_video/04.mp4': 29,
 'fp_video/04.mp4': 31,
 'tn_video/04.mp4': 3327,
 'fn_video/04.mp4': 1,
 'f1_score_video/05.mp4': 0.14977973568281935,
 'tp_video/05.mp4': 17,
 'fp_video/05.mp4': 192,
 'tn_video/05.mp4': 5064,
 'fn_video/05.mp4': 1,
 'f1_score_video/07.mp4': 0.9209302325581395,
 'tp_video/07.mp4': 99,
 'fp_video/07.mp4': 14,
 'tn_video/07.mp4': 3205,
 'fn_video/07.mp4': 3,
 'f1_score_video/08.mp4': 0.9019607843137255,
 'tp_video/08.mp4': 23,
 'fp_video/08.mp4': 5,
 'tn_video/08.mp4': 2582,
 'fn_video/08.mp4': 0,
 'f1_score_video/10.mp4': 0.8571428571428571,
 'tp_video/10.mp4': 36,
 'fp_video/10.mp4': 6,
 'tn_video/10.mp4': 2692,
 'fn_video/10.mp4': 6,
 'f1_score_video/14.mp4': 0.5333333333333333,
 'tp_video/14.mp4': 40,
 'fp_video/14.mp4': 70,
 'tn_video/14.mp4': 1831,
 'fn_video/14.mp4': 0,
 'f1_score_video/17.mp4': 0.9253731343283583,
 'tp_video/17.mp4': 31,
 'fp_video/17.mp4': 3,
 'tn_video/17.mp4': 2663,
 'fn_video/17.mp4': 2,
 'f1_score_video/21.mp4': 0.669527896995708,
 'tp_video/21.mp4': 78,
 'fp_video/21.mp4': 75,
 'tn_video/21.mp4': 4743,
 'fn_video/21.mp4': 2,
 'f1_score_video/22.mp4': 0.9147286821705426,
 'tp_video/22.mp4': 59,
 'fp_video/22.mp4': 8,
 'tn_video/22.mp4': 3197,
 'fn_video/22.mp4': 3}