{'_mean_f1_score': 0.7447100454629617,
 'f1_score_video/03.mp4': 0.7222222222222222,
 'tp_video/03.mp4': 13,
 'fp_video/03.mp4': 0,
 'tn_video/03.mp4': 3172,
 'fn_video/03.mp4': 10,
 'f1_score_video/04.mp4': 0.7777777777777778,
 'tp_video/04.mp4': 28,
 'fp_video/04.mp4': 14,
 'tn_video/04.mp4': 3344,
 'fn_video/04.mp4': 2,
 'f1_score_video/05.mp4': 0.17391304347826084,
 'tp_video/05.mp4': 18,
 'fp_video/05.mp4': 171,
 'tn_video/05.mp4': 5085,
 'fn_video/05.mp4': 0,
 'f1_score_video/07.mp4': 0.9560975609756097,
 'tp_video/07.mp4': 98,
 'fp_video/07.mp4': 5,
 'tn_video/07.mp4': 3214,
 'fn_video/07.mp4': 4,
 'f1_score_video/08.mp4': 0.9545454545454545,
 'tp_video/08.mp4': 21,
 'fp_video/08.mp4': 0,
 'tn_video/08.mp4': 2587,
 'fn_video/08.mp4': 2,
 'f1_score_video/10.mp4': 0.7714285714285715,
 'tp_video/10.mp4': 27,
 'fp_video/10.mp4': 1,
 'tn_video/10.mp4': 2697,
 'fn_video/10.mp4': 15,
 'f1_score_video/14.mp4': 0.38048780487804873,
 'tp_video/14.mp4': 39,
 'fp_video/14.mp4': 126,
 'tn_video/14.mp4': 1775,
 'fn_video/14.mp4': 1,
 'f1_score_video/17.mp4': 0.9,
 'tp_video/17.mp4': 27,
 'fp_video/17.mp4': 0,
 'tn_video/17.mp4': 2666,
 'fn_video/17.mp4': 6,
 'f1_score_video/21.mp4': 0.888888888888889,
 'tp_video/21.mp4': 76,
 'fp_video/21.mp4': 15,
 'tn_video/21.mp4': 4803,
 'fn_video/21.mp4': 4,
 'f1_score_video/22.mp4': 0.9217391304347826,
 'tp_video/22.mp4': 53,
 'fp_video/22.mp4': 0,
 'tn_video/22.mp4': 3205,
 'fn_video/22.mp4': 9}