{'_mean_f1_score': 0.7920379299556213,
 'f1_score_video/03.mp4': 0.85,
 'tp_video/03.mp4': 17,
 'fp_video/03.mp4': 0,
 'tn_video/03.mp4': 3172,
 'fn_video/03.mp4': 6,
 'f1_score_video/04.mp4': 0.8656716417910447,
 'tp_video/04.mp4': 29,
 'fp_video/04.mp4': 8,
 'tn_video/04.mp4': 3350,
 'fn_video/04.mp4': 1,
 'f1_score_video/05.mp4': 0.23376623376623376,
 'tp_video/05.mp4': 18,
 'fp_video/05.mp4': 118,
 'tn_video/05.mp4': 5138,
 'fn_video/05.mp4': 0,
 'f1_score_video/07.mp4': 0.9468599033816426,
 'tp_video/07.mp4': 98,
 'fp_video/07.mp4': 7,
 'tn_video/07.mp4': 3212,
 'fn_video/07.mp4': 4,
 'f1_score_video/08.mp4': 0.9787234042553191,
 'tp_video/08.mp4': 23,
 'fp_video/08.mp4': 1,
 'tn_video/08.mp4': 2586,
 'fn_video/08.mp4': 0,
 'f1_score_video/10.mp4': 0.8266666666666667,
 'tp_video/10.mp4': 31,
 'fp_video/10.mp4': 2,
 'tn_video/10.mp4': 2696,
 'fn_video/10.mp4': 11,
 'f1_score_video/14.mp4': 0.6046511627906976,
 'tp_video/14.mp4': 39,
 'fp_video/14.mp4': 50,
 'tn_video/14.mp4': 1851,
 'fn_video/14.mp4': 1,
 'f1_score_video/17.mp4': 0.9,
 'tp_video/17.mp4': 27,
 'fp_video/17.mp4': 0,
 'tn_video/17.mp4': 2666,
 'fn_video/17.mp4': 6,
 'f1_score_video/21.mp4': 0.7738693467336684,
 'tp_video/21.mp4': 77,
 'fp_video/21.mp4': 42,
 'tn_video/21.mp4': 4776,
 'fn_video/21.mp4': 3,
 'f1_score_video/22.mp4': 0.9401709401709402,
 'tp_video/22.mp4': 55,
 'fp_video/22.mp4': 0,
 'tn_video/22.mp4': 3205,
 'fn_video/22.mp4': 7}