{'_mean_f1_score': 0.7351887153166834,
 'f1_score_video/03.mp4': 0.9047619047619047,
 'tp_video/03.mp4': 19,
 'fp_video/03.mp4': 0,
 'tn_video/03.mp4': 3172,
 'fn_video/03.mp4': 4,
 'f1_score_video/04.mp4': 0.6451612903225806,
 'tp_video/04.mp4': 30,
 'fp_video/04.mp4': 33,
 'tn_video/04.mp4': 3325,
 'fn_video/04.mp4': 0,
 'f1_score_video/05.mp4': 0.12040133779264214,
 'tp_video/05.mp4': 18,
 'fp_video/05.mp4': 263,
 'tn_video/05.mp4': 4993,
 'fn_video/05.mp4': 0,
 'f1_score_video/07.mp4': 0.8839285714285714,
 'tp_video/07.mp4': 99,
 'fp_video/07.mp4': 23,
 'tn_video/07.mp4': 3196,
 'fn_video/07.mp4': 3,
 'f1_score_video/08.mp4': 0.9387755102040816,
 'tp_video/08.mp4': 23,
 'fp_video/08.mp4': 3,
 'tn_video/08.mp4': 2584,
 'fn_video/08.mp4': 0,
 'f1_score_video/10.mp4': 0.8500000000000001,
 'tp_video/10.mp4': 34,
 'fp_video/10.mp4': 4,
 'tn_video/10.mp4': 2694,
 'fn_video/10.mp4': 8,
 'f1_score_video/14.mp4': 0.3391304347826087,
 'tp_video/14.mp4': 39,
 'fp_video/14.mp4': 151,
 'tn_video/14.mp4': 1750,
 'fn_video/14.mp4': 1,
 'f1_score_video/17.mp4': 0.9206349206349207,
 'tp_video/17.mp4': 29,
 'fp_video/17.mp4': 1,
 'tn_video/17.mp4': 2665,
 'fn_video/17.mp4': 4,
 'f1_score_video/21.mp4': 0.7897435897435898,
 'tp_video/21.mp4': 77,
 'fp_video/21.mp4': 38,
 'tn_video/21.mp4': 4780,
 'fn_video/21.mp4': 3,
 'f1_score_video/22.mp4': 0.959349593495935,
 'tp_video/22.mp4': 59,
 'fp_video/22.mp4': 2,
 'tn_video/22.mp4': 3203,
 'fn_video/22.mp4': 3}