{'_mean_f1_score': 0.7911470147266498,
 'f1_score_video/03.mp4': 0.7567567567567568,
 'tp_video/03.mp4': 14,
 'fp_video/03.mp4': 0,
 'tn_video/03.mp4': 3172,
 'fn_video/03.mp4': 9,
 'f1_score_video/04.mp4': 0.8787878787878789,
 'tp_video/04.mp4': 29,
 'fp_video/04.mp4': 7,
 'tn_video/04.mp4': 3351,
 'fn_video/04.mp4': 1,
 'f1_score_video/05.mp4': 0.2666666666666667,
 'tp_video/05.mp4': 18,
 'fp_video/05.mp4': 99,
 'tn_video/05.mp4': 5157,
 'fn_video/05.mp4': 0,
 'f1_score_video/07.mp4': 0.9468599033816426,
 'tp_video/07.mp4': 98,
 'fp_video/07.mp4': 7,
 'tn_video/07.mp4': 3212,
 'fn_video/07.mp4': 4,
 'f1_score_video/08.mp4': 0.9777777777777777,
 'tp_video/08.mp4': 22,
 'fp_video/08.mp4': 0,
 'tn_video/08.mp4': 2587,
 'fn_video/08.mp4': 1,
 'f1_score_video/10.mp4': 0.8378378378378379,
 'tp_video/10.mp4': 31,
 'fp_video/10.mp4': 1,
 'tn_video/10.mp4': 2697,
 'fn_video/10.mp4': 11,
 'f1_score_video/14.mp4': 0.6190476190476191,
 'tp_video/14.mp4': 39,
 'fp_video/14.mp4': 47,
 'tn_video/14.mp4': 1854,
 'fn_video/14.mp4': 1,
 'f1_score_video/17.mp4': 0.9,
 'tp_video/17.mp4': 27,
 'fp_video/17.mp4': 0,
 'tn_video/17.mp4': 2666,
 'fn_video/17.mp4': 6,
 'f1_score_video/21.mp4': 0.7875647668393784,
 'tp_video/21.mp4': 76,
 'fp_video/21.mp4': 37,
 'tn_video/21.mp4': 4781,
 'fn_video/21.mp4': 4,
 'f1_score_video/22.mp4': 0.9401709401709402,
 'tp_video/22.mp4': 55,
 'fp_video/22.mp4': 0,
 'tn_video/22.mp4': 3205,
 'fn_video/22.mp4': 7}