{'_mean_f1_score': 0.7739285928465722,
 'f1_score_video/03.mp4': 0.878048780487805,
 'tp_video/03.mp4': 18,
 'fp_video/03.mp4': 0,
 'tn_video/03.mp4': 3172,
 'fn_video/03.mp4': 5,
 'f1_score_video/04.mp4': 0.7945205479452055,
 'tp_video/04.mp4': 29,
 'fp_video/04.mp4': 14,
 'tn_video/04.mp4': 3344,
 'fn_video/04.mp4': 1,
 'f1_score_video/05.mp4': 0.1945945945945946,
 'tp_video/05.mp4': 18,
 'fp_video/05.mp4': 149,
 'tn_video/05.mp4': 5107,
 'fn_video/05.mp4': 0,
 'f1_score_video/07.mp4': 0.9339622641509434,
 'tp_video/07.mp4': 99,
 'fp_video/07.mp4': 11,
 'tn_video/07.mp4': 3208,
 'fn_video/07.mp4': 3,
 'f1_score_video/08.mp4': 0.9387755102040816,
 'tp_video/08.mp4': 23,
 'fp_video/08.mp4': 3,
 'tn_video/08.mp4': 2584,
 'fn_video/08.mp4': 0,
 'f1_score_video/10.mp4': 0.8421052631578947,
 'tp_video/10.mp4': 32,
 'fp_video/10.mp4': 2,
 'tn_video/10.mp4': 2696,
 'fn_video/10.mp4': 10,
 'f1_score_video/14.mp4': 0.5492957746478873,
 'tp_video/14.mp4': 39,
 'fp_video/14.mp4': 63,
 'tn_video/14.mp4': 1838,
 'fn_video/14.mp4': 1,
 'f1_score_video/17.mp4': 0.9,
 'tp_video/17.mp4': 27,
 'fp_video/17.mp4': 0,
 'tn_video/17.mp4': 2666,
 'fn_video/17.mp4': 6,
 'f1_score_video/21.mp4': 0.7499999999999999,
 'tp_video/21.mp4': 78,
 'fp_video/21.mp4': 50,
 'tn_video/21.mp4': 4768,
 'fn_video/21.mp4': 2,
 'f1_score_video/22.mp4': 0.9579831932773109,
 'tp_video/22.mp4': 57,
 'fp_video/22.mp4': 0,
 'tn_video/22.mp4': 3205,
 'fn_video/22.mp4': 5}