{'_mean_f1_score': 0.7874822177109402,
 'f1_score_video/03.mp4': 0.878048780487805,
 'tp_video/03.mp4': 18,
 'fp_video/03.mp4': 0,
 'tn_video/03.mp4': 3172,
 'fn_video/03.mp4': 5,
 'f1_score_video/04.mp4': 0.8405797101449275,
 'tp_video/04.mp4': 29,
 'fp_video/04.mp4': 10,
 'tn_video/04.mp4': 3348,
 'fn_video/04.mp4': 1,
 'f1_score_video/05.mp4': 0.2222222222222222,
 'tp_video/05.mp4': 18,
 'fp_video/05.mp4': 126,
 'tn_video/05.mp4': 5130,
 'fn_video/05.mp4': 0,
 'f1_score_video/07.mp4': 0.9468599033816426,
 'tp_video/07.mp4': 98,
 'fp_video/07.mp4': 7,
 'tn_video/07.mp4': 3212,
 'fn_video/07.mp4': 4,
 'f1_score_video/08.mp4': 0.9387755102040816,
 'tp_video/08.mp4': 23,
 'fp_video/08.mp4': 3,
 'tn_video/08.mp4': 2584,
 'fn_video/08.mp4': 0,
 'f1_score_video/10.mp4': 0.8421052631578947,
 'tp_video/10.mp4': 32,
 'fp_video/10.mp4': 2,
 'tn_video/10.mp4': 2696,
 'fn_video/10.mp4': 10,
 'f1_score_video/14.mp4': 0.5909090909090909,
 'tp_video/14.mp4': 39,
 'fp_video/14.mp4': 53,
 'tn_video/14.mp4': 1848,
 'fn_video/14.mp4': 1,
 'f1_score_video/17.mp4': 0.9,
 'tp_video/17.mp4': 27,
 'fp_video/17.mp4': 0,
 'tn_video/17.mp4': 2666,
 'fn_video/17.mp4': 6,
 'f1_score_video/21.mp4': 0.7661691542288558,
 'tp_video/21.mp4': 77,
 'fp_video/21.mp4': 44,
 'tn_video/21.mp4': 4774,
 'fn_video/21.mp4': 3,
 'f1_score_video/22.mp4': 0.9491525423728813,
 'tp_video/22.mp4': 56,
 'fp_video/22.mp4': 0,
 'tn_video/22.mp4': 3205,
 'fn_video/22.mp4': 6}