{'_mean_f1_score': 0.8684221642370508,
 'f1_score_video/03.mp4': 0.85,
 'tp_video/03.mp4': 17,
 'fp_video/03.mp4': 0,
 'tn_video/03.mp4': 3172,
 'fn_video/03.mp4': 6,
 'f1_score_video/04.mp4': 0.9655172413793104,
 'tp_video/04.mp4': 28,
 'fp_video/04.mp4': 0,
 'tn_video/04.mp4': 3358,
 'fn_video/04.mp4': 2,
 'f1_score_video/05.mp4': 0.6545454545454547,
 'tp_video/05.mp4': 18,
 'fp_video/05.mp4': 19,
 'tn_video/05.mp4': 5237,
 'fn_video/05.mp4': 0,
 'f1_score_video/07.mp4': 0.9494949494949494,
 'tp_video/07.mp4': 94,
 'fp_video/07.mp4': 2,
 'tn_video/07.mp4': 3217,
 'fn_video/07.mp4': 8,
 'f1_score_video/08.mp4': 0.9565217391304348,
 'tp_video/08.mp4': 22,
 'fp_video/08.mp4': 1,
 'tn_video/08.mp4': 2586,
 'fn_video/08.mp4': 1,
 'f1_score_video/10.mp4': 0.8378378378378379,
 'tp_video/10.mp4': 31,
 'fp_video/10.mp4': 1,
 'tn_video/10.mp4': 2697,
 'fn_video/10.mp4': 11,
 'f1_score_video/14.mp4': 0.8478260869565216,
 'tp_video/14.mp4': 39,
 'fp_video/14.mp4': 13,
 'tn_video/14.mp4': 1888,
 'fn_video/14.mp4': 1,
 'f1_score_video/17.mp4': 0.9,
 'tp_video/17.mp4': 27,
 'fp_video/17.mp4': 0,
 'tn_video/17.mp4': 2666,
 'fn_video/17.mp4': 6,
 'f1_score_video/21.mp4': 0.7914438502673796,
 'tp_video/21.mp4': 74,
 'fp_video/21.mp4': 33,
 'tn_video/21.mp4': 4785,
 'fn_video/21.mp4': 6,
 'f1_score_video/22.mp4': 0.9310344827586207,
 'tp_video/22.mp4': 54,
 'fp_video/22.mp4': 0,
 'tn_video/22.mp4': 3205,
 'fn_video/22.mp4': 8}