{'_mean_f1_score': 0.85202259074544,
 'f1_score_video/03.mp4': 0.7894736842105263,
 'tp_video/03.mp4': 15,
 'fp_video/03.mp4': 0,
 'tn_video/03.mp4': 3172,
 'fn_video/03.mp4': 8,
 'f1_score_video/04.mp4': 0.9285714285714286,
 'tp_video/04.mp4': 26,
 'fp_video/04.mp4': 0,
 'tn_video/04.mp4': 3358,
 'fn_video/04.mp4': 4,
 'f1_score_video/05.mp4': 0.8,
 'tp_video/05.mp4': 18,
 'fp_video/05.mp4': 9,
 'tn_video/05.mp4': 5247,
 'fn_video/05.mp4': 0,
 'f1_score_video/07.mp4': 0.9109947643979056,
 'tp_video/07.mp4': 87,
 'fp_video/07.mp4': 2,
 'tn_video/07.mp4': 3217,
 'fn_video/07.mp4': 15,
 'f1_score_video/08.mp4': 0.9545454545454545,
 'tp_video/08.mp4': 21,
 'fp_video/08.mp4': 0,
 'tn_video/08.mp4': 2587,
 'fn_video/08.mp4': 2,
 'f1_score_video/10.mp4': 0.821917808219178,
 'tp_video/10.mp4': 30,
 'fp_video/10.mp4': 1,
 'tn_video/10.mp4': 2697,
 'fn_video/10.mp4': 12,
 'f1_score_video/14.mp4': 0.8735632183908046,
 'tp_video/14.mp4': 38,
 'fp_video/14.mp4': 9,
 'tn_video/14.mp4': 1892,
 'fn_video/14.mp4': 2,
 'f1_score_video/17.mp4': 0.8620689655172413,
 'tp_video/17.mp4': 25,
 'fp_video/17.mp4': 0,
 'tn_video/17.mp4': 2666,
 'fn_video/17.mp4': 8,
 'f1_score_video/21.mp4': 0.8843537414965987,
 'tp_video/21.mp4': 65,
 'fp_video/21.mp4': 2,
 'tn_video/21.mp4': 4816,
 'fn_video/21.mp4': 15,
 'f1_score_video/22.mp4': 0.6947368421052631,
 'tp_video/22.mp4': 33,
 'fp_video/22.mp4': 0,
 'tn_video/22.mp4': 3205,
 'fn_video/22.mp4': 29}