{'_mean_f1_score': 0.8724333104041326,
 'f1_score_video/03.mp4': 0.85,
 'tp_video/03.mp4': 17,
 'fp_video/03.mp4': 0,
 'tn_video/03.mp4': 3172,
 'fn_video/03.mp4': 6,
 'f1_score_video/04.mp4': 0.9655172413793104,
 'tp_video/04.mp4': 28,
 'fp_video/04.mp4': 0,
 'tn_video/04.mp4': 3358,
 'fn_video/04.mp4': 2,
 'f1_score_video/05.mp4': 0.6923076923076924,
 'tp_video/05.mp4': 18,
 'fp_video/05.mp4': 16,
 'tn_video/05.mp4': 5240,
 'fn_video/05.mp4': 0,
 'f1_score_video/07.mp4': 0.9333333333333333,
 'tp_video/07.mp4': 91,
 'fp_video/07.mp4': 2,
 'tn_video/07.mp4': 3217,
 'fn_video/07.mp4': 11,
 'f1_score_video/08.mp4': 0.9777777777777777,
 'tp_video/08.mp4': 22,
 'fp_video/08.mp4': 0,
 'tn_video/08.mp4': 2587,
 'fn_video/08.mp4': 1,
 'f1_score_video/10.mp4': 0.8378378378378379,
 'tp_video/10.mp4': 31,
 'fp_video/10.mp4': 1,
 'tn_video/10.mp4': 2697,
 'fn_video/10.mp4': 11,
 'f1_score_video/14.mp4': 0.8636363636363635,
 'tp_video/14.mp4': 38,
 'fp_video/14.mp4': 10,
 'tn_video/14.mp4': 1891,
 'fn_video/14.mp4': 2,
 'f1_score_video/17.mp4': 0.9,
 'tp_video/17.mp4': 27,
 'fp_video/17.mp4': 0,
 'tn_video/17.mp4': 2666,
 'fn_video/17.mp4': 6,
 'f1_score_video/21.mp4': 0.8520710059171598,
 'tp_video/21.mp4': 72,
 'fp_video/21.mp4': 17,
 'tn_video/21.mp4': 4801,
 'fn_video/21.mp4': 8,
 'f1_score_video/22.mp4': 0.8518518518518519,
 'tp_video/22.mp4': 46,
 'fp_video/22.mp4': 0,
 'tn_video/22.mp4': 3205,
 'fn_video/22.mp4': 16}