{'_mean_f1_score': 0.8694733760715113,
 'f1_score_video/03.mp4': 0.85,
 'tp_video/03.mp4': 17,
 'fp_video/03.mp4': 0,
 'tn_video/03.mp4': 3172,
 'fn_video/03.mp4': 6,
 'f1_score_video/04.mp4': 0.9655172413793104,
 'tp_video/04.mp4': 28,
 'fp_video/04.mp4': 0,
 'tn_video/04.mp4': 3358,
 'fn_video/04.mp4': 2,
 'f1_score_video/05.mp4': 0.6792452830188679,
 'tp_video/05.mp4': 18,
 'fp_video/05.mp4': 17,
 'tn_video/05.mp4': 5239,
 'fn_video/05.mp4': 0,
 'f1_score_video/07.mp4': 0.9387755102040817,
 'tp_video/07.mp4': 92,
 'fp_video/07.mp4': 2,
 'tn_video/07.mp4': 3217,
 'fn_video/07.mp4': 10,
 'f1_score_video/08.mp4': 0.9777777777777777,
 'tp_video/08.mp4': 22,
 'fp_video/08.mp4': 0,
 'tn_video/08.mp4': 2587,
 'fn_video/08.mp4': 1,
 'f1_score_video/10.mp4': 0.8378378378378379,
 'tp_video/10.mp4': 31,
 'fp_video/10.mp4': 1,
 'tn_video/10.mp4': 2697,
 'fn_video/10.mp4': 11,
 'f1_score_video/14.mp4': 0.857142857142857,
 'tp_video/14.mp4': 39,
 'fp_video/14.mp4': 12,
 'tn_video/14.mp4': 1889,
 'fn_video/14.mp4': 1,
 'f1_score_video/17.mp4': 0.9,
 'tp_video/17.mp4': 27,
 'fp_video/17.mp4': 0,
 'tn_video/17.mp4': 2666,
 'fn_video/17.mp4': 6,
 'f1_score_video/21.mp4': 0.7955801104972375,
 'tp_video/21.mp4': 72,
 'fp_video/21.mp4': 29,
 'tn_video/21.mp4': 4789,
 'fn_video/21.mp4': 8,
 'f1_score_video/22.mp4': 0.8928571428571428,
 'tp_video/22.mp4': 50,
 'fp_video/22.mp4': 0,
 'tn_video/22.mp4': 3205,
 'fn_video/22.mp4': 12}