{'_mean_f1_score': 0.8228454146130515,
 'f1_score_video/03.mp4': 0.7894736842105263,
 'tp_video/03.mp4': 15,
 'fp_video/03.mp4': 0,
 'tn_video/03.mp4': 3172,
 'fn_video/03.mp4': 8,
 'f1_score_video/04.mp4': 0.9090909090909091,
 'tp_video/04.mp4': 25,
 'fp_video/04.mp4': 0,
 'tn_video/04.mp4': 3358,
 'fn_video/04.mp4': 5,
 'f1_score_video/05.mp4': 0.9,
 'tp_video/05.mp4': 18,
 'fp_video/05.mp4': 4,
 'tn_video/05.mp4': 5252,
 'fn_video/05.mp4': 0,
 'f1_score_video/07.mp4': 0.8817204301075269,
 'tp_video/07.mp4': 82,
 'fp_video/07.mp4': 2,
 'tn_video/07.mp4': 3217,
 'fn_video/07.mp4': 20,
 'f1_score_video/08.mp4': 0.9047619047619047,
 'tp_video/08.mp4': 19,
 'fp_video/08.mp4': 0,
 'tn_video/08.mp4': 2587,
 'fn_video/08.mp4': 4,
 'f1_score_video/10.mp4': 0.8055555555555556,
 'tp_video/10.mp4': 29,
 'fp_video/10.mp4': 1,
 'tn_video/10.mp4': 2697,
 'fn_video/10.mp4': 13,
 'f1_score_video/14.mp4': 0.8705882352941177,
 'tp_video/14.mp4': 37,
 'fp_video/14.mp4': 8,
 'tn_video/14.mp4': 1893,
 'fn_video/14.mp4': 3,
 'f1_score_video/17.mp4': 0.8,
 'tp_video/17.mp4': 22,
 'fp_video/17.mp4': 0,
 'tn_video/17.mp4': 2666,
 'fn_video/17.mp4': 11,
 'f1_score_video/21.mp4': 0.8260869565217391,
 'tp_video/21.mp4': 57,
 'fp_video/21.mp4': 1,
 'tn_video/21.mp4': 4817,
 'fn_video/21.mp4': 23,
 'f1_score_video/22.mp4': 0.5411764705882353,
 'tp_video/22.mp4': 23,
 'fp_video/22.mp4': 0,
 'tn_video/22.mp4': 3205,
 'fn_video/22.mp4': 39}