{'_mean_f1_score': 0.8733524765824404,
 'f1_score_video/03.mp4': 0.85,
 'tp_video/03.mp4': 17,
 'fp_video/03.mp4': 0,
 'tn_video/03.mp4': 3172,
 'fn_video/03.mp4': 6,
 'f1_score_video/04.mp4': 0.9473684210526316,
 'tp_video/04.mp4': 27,
 'fp_video/04.mp4': 0,
 'tn_video/04.mp4': 3358,
 'fn_video/04.mp4': 3,
 'f1_score_video/05.mp4': 0.7058823529411764,
 'tp_video/05.mp4': 18,
 'fp_video/05.mp4': 15,
 'tn_video/05.mp4': 5241,
 'fn_video/05.mp4': 0,
 'f1_score_video/07.mp4': 0.9333333333333333,
 'tp_video/07.mp4': 91,
 'fp_video/07.mp4': 2,
 'tn_video/07.mp4': 3217,
 'fn_video/07.mp4': 11,
 'f1_score_video/08.mp4': 0.9777777777777777,
 'tp_video/08.mp4': 22,
 'fp_video/08.mp4': 0,
 'tn_video/08.mp4': 2587,
 'fn_video/08.mp4': 1,
 'f1_score_video/10.mp4': 0.8378378378378379,
 'tp_video/10.mp4': 31,
 'fp_video/10.mp4': 1,
 'tn_video/10.mp4': 2697,
 'fn_video/10.mp4': 11,
 'f1_score_video/14.mp4': 0.8636363636363635,
 'tp_video/14.mp4': 38,
 'fp_video/14.mp4': 10,
 'tn_video/14.mp4': 1891,
 'fn_video/14.mp4': 2,
 'f1_score_video/17.mp4': 0.9,
 'tp_video/17.mp4': 27,
 'fp_video/17.mp4': 0,
 'tn_video/17.mp4': 2666,
 'fn_video/17.mp4': 6,
 'f1_score_video/21.mp4': 0.8875,
 'tp_video/21.mp4': 71,
 'fp_video/21.mp4': 9,
 'tn_video/21.mp4': 4809,
 'fn_video/21.mp4': 9,
 'f1_score_video/22.mp4': 0.8301886792452831,
 'tp_video/22.mp4': 44,
 'fp_video/22.mp4': 0,
 'tn_video/22.mp4': 3205,
 'fn_video/22.mp4': 18}