{'_mean_f1_score': 0.872815056366484,
 'f1_score_video/03.mp4': 0.85,
 'tp_video/03.mp4': 17,
 'fp_video/03.mp4': 0,
 'tn_video/03.mp4': 3172,
 'fn_video/03.mp4': 6,
 'f1_score_video/04.mp4': 0.9473684210526316,
 'tp_video/04.mp4': 27,
 'fp_video/04.mp4': 0,
 'tn_video/04.mp4': 3358,
 'fn_video/04.mp4': 3,
 'f1_score_video/05.mp4': 0.72,
 'tp_video/05.mp4': 18,
 'fp_video/05.mp4': 14,
 'tn_video/05.mp4': 5242,
 'fn_video/05.mp4': 0,
 'f1_score_video/07.mp4': 0.9278350515463919,
 'tp_video/07.mp4': 90,
 'fp_video/07.mp4': 2,
 'tn_video/07.mp4': 3217,
 'fn_video/07.mp4': 12,
 'f1_score_video/08.mp4': 0.9777777777777777,
 'tp_video/08.mp4': 22,
 'fp_video/08.mp4': 0,
 'tn_video/08.mp4': 2587,
 'fn_video/08.mp4': 1,
 'f1_score_video/10.mp4': 0.8378378378378379,
 'tp_video/10.mp4': 31,
 'fp_video/10.mp4': 1,
 'tn_video/10.mp4': 2697,
 'fn_video/10.mp4': 11,
 'f1_score_video/14.mp4': 0.8735632183908046,
 'tp_video/14.mp4': 38,
 'fp_video/14.mp4': 9,
 'tn_video/14.mp4': 1892,
 'fn_video/14.mp4': 2,
 'f1_score_video/17.mp4': 0.9,
 'tp_video/17.mp4': 27,
 'fp_video/17.mp4': 0,
 'tn_video/17.mp4': 2666,
 'fn_video/17.mp4': 6,
 'f1_score_video/21.mp4': 0.8860759493670887,
 'tp_video/21.mp4': 70,
 'fp_video/21.mp4': 8,
 'tn_video/21.mp4': 4810,
 'fn_video/21.mp4': 10,
 'f1_score_video/22.mp4': 0.8076923076923077,
 'tp_video/22.mp4': 42,
 'fp_video/22.mp4': 0,
 'tn_video/22.mp4': 3205,
 'fn_video/22.mp4': 20}