{'_mean_f1_score': 0.12656531819940775,
 'f1_score_video/03.mp4': 0.07232704402515723,
 'tp_video/03.mp4': 23,
 'fp_video/03.mp4': 590,
 'tn_video/03.mp4': 2582,
 'fn_video/03.mp4': 0,
 'f1_score_video/04.mp4': 0.06872852233676977,
 'tp_video/04.mp4': 30,
 'fp_video/04.mp4': 813,
 'tn_video/04.mp4': 2545,
 'fn_video/04.mp4': 0,
 'f1_score_video/05.mp4': 0.024999999999999998,
 'tp_video/05.mp4': 18,
 'fp_video/05.mp4': 1404,
 'tn_video/05.mp4': 3852,
 'fn_video/05.mp4': 0,
 'f1_score_video/07.mp4': 0.2671957671957672,
 'tp_video/07.mp4': 101,
 'fp_video/07.mp4': 553,
 'tn_video/07.mp4': 2666,
 'fn_video/07.mp4': 1,
 'f1_score_video/08.mp4': 0.07407407407407407,
 'tp_video/08.mp4': 23,
 'fp_video/08.mp4': 575,
 'tn_video/08.mp4': 2012,
 'fn_video/08.mp4': 0,
 'f1_score_video/10.mp4': 0.14482758620689656,
 'tp_video/10.mp4': 42,
 'fp_video/10.mp4': 496,
 'tn_video/10.mp4': 2202,
 'fn_video/10.mp4': 0,
 'f1_score_video/14.mp4': 0.198019801980198,
 'tp_video/14.mp4': 40,
 'fp_video/14.mp4': 324,
 'tn_video/14.mp4': 1577,
 'fn_video/14.mp4': 0,
 'f1_score_video/17.mp4': 0.11,
 'tp_video/17.mp4': 33,
 'fp_video/17.mp4': 534,
 'tn_video/17.mp4': 2132,
 'fn_video/17.mp4': 0,
 'f1_score_video/21.mp4': 0.13903743315508021,
 'tp_video/21.mp4': 78,
 'fp_video/21.mp4': 964,
 'tn_video/21.mp4': 3854,
 'fn_video/21.mp4': 2,
 'f1_score_video/22.mp4': 0.16644295302013423,
 'tp_video/22.mp4': 62,
 'fp_video/22.mp4': 621,
 'tn_video/22.mp4': 2584,
 'fn_video/22.mp4': 0}