{'_mean_f1_score': 0.2120340787372083,
 'f1_score_video/03.mp4': 0.16254416961130744,
 'tp_video/03.mp4': 23,
 'fp_video/03.mp4': 237,
 'tn_video/03.mp4': 2935,
 'fn_video/03.mp4': 0,
 'f1_score_video/04.mp4': 0.11342155009451795,
 'tp_video/04.mp4': 30,
 'fp_video/04.mp4': 469,
 'tn_video/04.mp4': 2889,
 'fn_video/04.mp4': 0,
 'f1_score_video/05.mp4': 0.04395604395604395,
 'tp_video/05.mp4': 18,
 'fp_video/05.mp4': 783,
 'tn_video/05.mp4': 4473,
 'fn_video/05.mp4': 0,
 'f1_score_video/07.mp4': 0.41422594142259417,
 'tp_video/07.mp4': 99,
 'fp_video/07.mp4': 277,
 'tn_video/07.mp4': 2942,
 'fn_video/07.mp4': 3,
 'f1_score_video/08.mp4': 0.13411078717201166,
 'tp_video/08.mp4': 23,
 'fp_video/08.mp4': 297,
 'tn_video/08.mp4': 2290,
 'fn_video/08.mp4': 0,
 'f1_score_video/10.mp4': 0.28668941979522183,
 'tp_video/10.mp4': 42,
 'fp_video/10.mp4': 209,
 'tn_video/10.mp4': 2489,
 'fn_video/10.mp4': 0,
 'f1_score_video/14.mp4': 0.27397260273972607,
 'tp_video/14.mp4': 40,
 'fp_video/14.mp4': 212,
 'tn_video/14.mp4': 1689,
 'fn_video/14.mp4': 0,
 'f1_score_video/17.mp4': 0.19075144508670522,
 'tp_video/17.mp4': 33,
 'fp_video/17.mp4': 280,
 'tn_video/17.mp4': 2386,
 'fn_video/17.mp4': 0,
 'f1_score_video/21.mp4': 0.2287390029325513,
 'tp_video/21.mp4': 78,
 'fp_video/21.mp4': 524,
 'tn_video/21.mp4': 4294,
 'fn_video/21.mp4': 2,
 'f1_score_video/22.mp4': 0.2719298245614035,
 'tp_video/22.mp4': 62,
 'fp_video/22.mp4': 332,
 'tn_video/22.mp4': 2873,
 'fn_video/22.mp4': 0}