{'_mean_f1_score': 0.48974595312392905,
 'f1_score_video/03.mp4': 0.6052631578947368,
 'tp_video/03.mp4': 23,
 'fp_video/03.mp4': 30,
 'tn_video/03.mp4': 3142,
 'fn_video/03.mp4': 0,
 'f1_score_video/04.mp4': 0.2898550724637681,
 'tp_video/04.mp4': 30,
 'fp_video/04.mp4': 147,
 'tn_video/04.mp4': 3211,
 'fn_video/04.mp4': 0,
 'f1_score_video/05.mp4': 0.14342629482071714,
 'tp_video/05.mp4': 18,
 'fp_video/05.mp4': 215,
 'tn_video/05.mp4': 5041,
 'fn_video/05.mp4': 0,
 'f1_score_video/07.mp4': 0.7096774193548386,
 'tp_video/07.mp4': 99,
 'fp_video/07.mp4': 78,
 'tn_video/07.mp4': 3141,
 'fn_video/07.mp4': 3,
 'f1_score_video/08.mp4': 0.4181818181818182,
 'tp_video/08.mp4': 23,
 'fp_video/08.mp4': 64,
 'tn_video/08.mp4': 2523,
 'fn_video/08.mp4': 0,
 'f1_score_video/10.mp4': 0.717948717948718,
 'tp_video/10.mp4': 42,
 'fp_video/10.mp4': 33,
 'tn_video/10.mp4': 2665,
 'fn_video/10.mp4': 0,
 'f1_score_video/14.mp4': 0.4347826086956522,
 'tp_video/14.mp4': 40,
 'fp_video/14.mp4': 104,
 'tn_video/14.mp4': 1797,
 'fn_video/14.mp4': 0,
 'f1_score_video/17.mp4': 0.5593220338983051,
 'tp_video/17.mp4': 33,
 'fp_video/17.mp4': 52,
 'tn_video/17.mp4': 2614,
 'fn_video/17.mp4': 0,
 'f1_score_video/21.mp4': 0.47678018575851383,
 'tp_video/21.mp4': 77,
 'fp_video/21.mp4': 166,
 'tn_video/21.mp4': 4652,
 'fn_video/21.mp4': 3,
 'f1_score_video/22.mp4': 0.5422222222222223,
 'tp_video/22.mp4': 61,
 'fp_video/22.mp4': 102,
 'tn_video/22.mp4': 3103,
 'fn_video/22.mp4': 1}