{'_mean_f1_score': 0.7736727774650572,
 'f1_score_video/03.mp4': 0.8571428571428572,
 'tp_video/03.mp4': 21,
 'fp_video/03.mp4': 5,
 'tn_video/03.mp4': 3167,
 'fn_video/03.mp4': 2,
 'f1_score_video/04.mp4': 0.6373626373626373,
 'tp_video/04.mp4': 29,
 'fp_video/04.mp4': 32,
 'tn_video/04.mp4': 3326,
 'fn_video/04.mp4': 1,
 'f1_score_video/05.mp4': 0.42857142857142855,
 'tp_video/05.mp4': 18,
 'fp_video/05.mp4': 48,
 'tn_video/05.mp4': 5208,
 'fn_video/05.mp4': 0,
 'f1_score_video/07.mp4': 0.900473933649289,
 'tp_video/07.mp4': 95,
 'fp_video/07.mp4': 14,
 'tn_video/07.mp4': 3205,
 'fn_video/07.mp4': 7,
 'f1_score_video/08.mp4': 0.8846153846153846,
 'tp_video/08.mp4': 23,
 'fp_video/08.mp4': 6,
 'tn_video/08.mp4': 2581,
 'fn_video/08.mp4': 0,
 'f1_score_video/10.mp4': 0.9176470588235294,
 'tp_video/10.mp4': 39,
 'fp_video/10.mp4': 4,
 'tn_video/10.mp4': 2694,
 'fn_video/10.mp4': 3,
 'f1_score_video/14.mp4': 0.6722689075630253,
 'tp_video/14.mp4': 40,
 'fp_video/14.mp4': 39,
 'tn_video/14.mp4': 1862,
 'fn_video/14.mp4': 0,
 'f1_score_video/17.mp4': 0.90625,
 'tp_video/17.mp4': 29,
 'fp_video/17.mp4': 2,
 'tn_video/17.mp4': 2664,
 'fn_video/17.mp4': 4,
 'f1_score_video/21.mp4': 0.7352941176470588,
 'tp_video/21.mp4': 75,
 'fp_video/21.mp4': 49,
 'tn_video/21.mp4': 4769,
 'fn_video/21.mp4': 5,
 'f1_score_video/22.mp4': 0.7971014492753624,
 'tp_video/22.mp4': 55,
 'fp_video/22.mp4': 21,
 'tn_video/22.mp4': 3184,
 'fn_video/22.mp4': 7}