{'_mean_f1_score': 0.8290315311694855,
 'f1_score_video/03.mp4': 0.9545454545454545,
 'tp_video/03.mp4': 21,
 'fp_video/03.mp4': 0,
 'tn_video/03.mp4': 3172,
 'fn_video/03.mp4': 2,
 'f1_score_video/04.mp4': 0.7567567567567568,
 'tp_video/04.mp4': 28,
 'fp_video/04.mp4': 16,
 'tn_video/04.mp4': 3342,
 'fn_video/04.mp4': 2,
 'f1_score_video/05.mp4': 0.5,
 'tp_video/05.mp4': 18,
 'fp_video/05.mp4': 36,
 'tn_video/05.mp4': 5220,
 'fn_video/05.mp4': 0,
 'f1_score_video/07.mp4': 0.9313725490196079,
 'tp_video/07.mp4': 95,
 'fp_video/07.mp4': 7,
 'tn_video/07.mp4': 3212,
 'fn_video/07.mp4': 7,
 'f1_score_video/08.mp4': 0.9387755102040816,
 'tp_video/08.mp4': 23,
 'fp_video/08.mp4': 3,
 'tn_video/08.mp4': 2584,
 'fn_video/08.mp4': 0,
 'f1_score_video/10.mp4': 0.9285714285714286,
 'tp_video/10.mp4': 39,
 'fp_video/10.mp4': 3,
 'tn_video/10.mp4': 2695,
 'fn_video/10.mp4': 3,
 'f1_score_video/14.mp4': 0.7027027027027027,
 'tp_video/14.mp4': 39,
 'fp_video/14.mp4': 32,
 'tn_video/14.mp4': 1869,
 'fn_video/14.mp4': 1,
 'f1_score_video/17.mp4': 0.9354838709677419,
 'tp_video/17.mp4': 29,
 'fp_video/17.mp4': 0,
 'tn_video/17.mp4': 2666,
 'fn_video/17.mp4': 4,
 'f1_score_video/21.mp4': 0.8176795580110497,
 'tp_video/21.mp4': 74,
 'fp_video/21.mp4': 27,
 'tn_video/21.mp4': 4791,
 'fn_video/21.mp4': 6,
 'f1_score_video/22.mp4': 0.8244274809160306,
 'tp_video/22.mp4': 54,
 'fp_video/22.mp4': 15,
 'tn_video/22.mp4': 3190,
 'fn_video/22.mp4': 8}