{'_mean_f1_score': 0.8292926910663766,
 'f1_score_video/03.mp4': 0.9302325581395349,
 'tp_video/03.mp4': 20,
 'fp_video/03.mp4': 0,
 'tn_video/03.mp4': 3172,
 'fn_video/03.mp4': 3,
 'f1_score_video/04.mp4': 0.767123287671233,
 'tp_video/04.mp4': 28,
 'fp_video/04.mp4': 15,
 'tn_video/04.mp4': 3343,
 'fn_video/04.mp4': 2,
 'f1_score_video/05.mp4': 0.5217391304347826,
 'tp_video/05.mp4': 18,
 'fp_video/05.mp4': 33,
 'tn_video/05.mp4': 5223,
 'fn_video/05.mp4': 0,
 'f1_score_video/07.mp4': 0.9306930693069307,
 'tp_video/07.mp4': 94,
 'fp_video/07.mp4': 6,
 'tn_video/07.mp4': 3213,
 'fn_video/07.mp4': 8,
 'f1_score_video/08.mp4': 0.9166666666666666,
 'tp_video/08.mp4': 22,
 'fp_video/08.mp4': 3,
 'tn_video/08.mp4': 2584,
 'fn_video/08.mp4': 1,
 'f1_score_video/10.mp4': 0.9285714285714286,
 'tp_video/10.mp4': 39,
 'fp_video/10.mp4': 3,
 'tn_video/10.mp4': 2695,
 'fn_video/10.mp4': 3,
 'f1_score_video/14.mp4': 0.7037037037037037,
 'tp_video/14.mp4': 38,
 'fp_video/14.mp4': 30,
 'tn_video/14.mp4': 1871,
 'fn_video/14.mp4': 2,
 'f1_score_video/17.mp4': 0.9354838709677419,
 'tp_video/17.mp4': 29,
 'fp_video/17.mp4': 0,
 'tn_video/17.mp4': 2666,
 'fn_video/17.mp4': 4,
 'f1_score_video/21.mp4': 0.8342857142857143,
 'tp_video/21.mp4': 73,
 'fp_video/21.mp4': 22,
 'tn_video/21.mp4': 4796,
 'fn_video/21.mp4': 7,
 'f1_score_video/22.mp4': 0.8244274809160306,
 'tp_video/22.mp4': 54,
 'fp_video/22.mp4': 15,
 'tn_video/22.mp4': 3190,
 'fn_video/22.mp4': 8}