{'_mean_f1_score': 0.8584559602938586,
 'f1_score_video/03.mp4': 0.9047619047619047,
 'tp_video/03.mp4': 19,
 'fp_video/03.mp4': 0,
 'tn_video/03.mp4': 3172,
 'fn_video/03.mp4': 4,
 'f1_score_video/04.mp4': 0.8749999999999999,
 'tp_video/04.mp4': 28,
 'fp_video/04.mp4': 6,
 'tn_video/04.mp4': 3352,
 'fn_video/04.mp4': 2,
 'f1_score_video/05.mp4': 0.5901639344262295,
 'tp_video/05.mp4': 18,
 'fp_video/05.mp4': 25,
 'tn_video/05.mp4': 5231,
 'fn_video/05.mp4': 0,
 'f1_score_video/07.mp4': 0.9494949494949494,
 'tp_video/07.mp4': 94,
 'fp_video/07.mp4': 2,
 'tn_video/07.mp4': 3217,
 'fn_video/07.mp4': 8,
 'f1_score_video/08.mp4': 0.9565217391304348,
 'tp_video/08.mp4': 22,
 'fp_video/08.mp4': 1,
 'tn_video/08.mp4': 2586,
 'fn_video/08.mp4': 1,
 'f1_score_video/10.mp4': 0.9397590361445782,
 'tp_video/10.mp4': 39,
 'fp_video/10.mp4': 2,
 'tn_video/10.mp4': 2696,
 'fn_video/10.mp4': 3,
 'f1_score_video/14.mp4': 0.7378640776699029,
 'tp_video/14.mp4': 38,
 'fp_video/14.mp4': 25,
 'tn_video/14.mp4': 1876,
 'fn_video/14.mp4': 2,
 'f1_score_video/17.mp4': 0.9180327868852458,
 'tp_video/17.mp4': 28,
 'fp_video/17.mp4': 0,
 'tn_video/17.mp4': 2666,
 'fn_video/17.mp4': 5,
 'f1_score_video/21.mp4': 0.8742514970059879,
 'tp_video/21.mp4': 73,
 'fp_video/21.mp4': 14,
 'tn_video/21.mp4': 4804,
 'fn_video/21.mp4': 7,
 'f1_score_video/22.mp4': 0.8387096774193549,
 'tp_video/22.mp4': 52,
 'fp_video/22.mp4': 10,
 'tn_video/22.mp4': 3195,
 'fn_video/22.mp4': 10}