{'_mean_f1_score': 0.819049530898965,
 'f1_score_video/03.mp4': 0.8636363636363636,
 'tp_video/03.mp4': 19,
 'fp_video/03.mp4': 2,
 'tn_video/03.mp4': 3170,
 'fn_video/03.mp4': 4,
 'f1_score_video/04.mp4': 0.7567567567567568,
 'tp_video/04.mp4': 28,
 'fp_video/04.mp4': 16,
 'tn_video/04.mp4': 3342,
 'fn_video/04.mp4': 2,
 'f1_score_video/05.mp4': 0.5142857142857142,
 'tp_video/05.mp4': 18,
 'fp_video/05.mp4': 34,
 'tn_video/05.mp4': 5222,
 'fn_video/05.mp4': 0,
 'f1_score_video/07.mp4': 0.9261083743842364,
 'tp_video/07.mp4': 94,
 'fp_video/07.mp4': 7,
 'tn_video/07.mp4': 3212,
 'fn_video/07.mp4': 8,
 'f1_score_video/08.mp4': 0.9166666666666666,
 'tp_video/08.mp4': 22,
 'fp_video/08.mp4': 3,
 'tn_video/08.mp4': 2584,
 'fn_video/08.mp4': 1,
 'f1_score_video/10.mp4': 0.9285714285714286,
 'tp_video/10.mp4': 39,
 'fp_video/10.mp4': 3,
 'tn_video/10.mp4': 2695,
 'fn_video/10.mp4': 3,
 'f1_score_video/14.mp4': 0.7102803738317757,
 'tp_video/14.mp4': 38,
 'fp_video/14.mp4': 29,
 'tn_video/14.mp4': 1872,
 'fn_video/14.mp4': 2,
 'f1_score_video/17.mp4': 0.9354838709677419,
 'tp_video/17.mp4': 29,
 'fp_video/17.mp4': 0,
 'tn_video/17.mp4': 2666,
 'fn_video/17.mp4': 4,
 'f1_score_video/21.mp4': 0.8295454545454546,
 'tp_video/21.mp4': 73,
 'fp_video/21.mp4': 23,
 'tn_video/21.mp4': 4795,
 'fn_video/21.mp4': 7,
 'f1_score_video/22.mp4': 0.8091603053435115,
 'tp_video/22.mp4': 53,
 'fp_video/22.mp4': 16,
 'tn_video/22.mp4': 3189,
 'fn_video/22.mp4': 9}