{'_mean_f1_score': 0.8754339161110428,
 'f1_score_video/03.mp4': 0.9047619047619047,
 'tp_video/03.mp4': 19,
 'fp_video/03.mp4': 0,
 'tn_video/03.mp4': 3172,
 'fn_video/03.mp4': 4,
 'f1_score_video/04.mp4': 0.9655172413793104,
 'tp_video/04.mp4': 28,
 'fp_video/04.mp4': 0,
 'tn_video/04.mp4': 3358,
 'fn_video/04.mp4': 2,
 'f1_score_video/05.mp4': 0.5901639344262295,
 'tp_video/05.mp4': 18,
 'fp_video/05.mp4': 25,
 'tn_video/05.mp4': 5231,
 'fn_video/05.mp4': 0,
 'f1_score_video/07.mp4': 0.9547738693467337,
 'tp_video/07.mp4': 95,
 'fp_video/07.mp4': 2,
 'tn_video/07.mp4': 3217,
 'fn_video/07.mp4': 7,
 'f1_score_video/08.mp4': 0.9565217391304348,
 'tp_video/08.mp4': 22,
 'fp_video/08.mp4': 1,
 'tn_video/08.mp4': 2586,
 'fn_video/08.mp4': 1,
 'f1_score_video/10.mp4': 0.9382716049382716,
 'tp_video/10.mp4': 38,
 'fp_video/10.mp4': 1,
 'tn_video/10.mp4': 2697,
 'fn_video/10.mp4': 4,
 'f1_score_video/14.mp4': 0.7676767676767676,
 'tp_video/14.mp4': 38,
 'fp_video/14.mp4': 21,
 'tn_video/14.mp4': 1880,
 'fn_video/14.mp4': 2,
 'f1_score_video/17.mp4': 0.8813559322033898,
 'tp_video/17.mp4': 26,
 'fp_video/17.mp4': 0,
 'tn_video/17.mp4': 2666,
 'fn_video/17.mp4': 7,
 'f1_score_video/21.mp4': 0.9024390243902439,
 'tp_video/21.mp4': 74,
 'fp_video/21.mp4': 10,
 'tn_video/21.mp4': 4808,
 'fn_video/21.mp4': 6,
 'f1_score_video/22.mp4': 0.8928571428571428,
 'tp_video/22.mp4': 50,
 'fp_video/22.mp4': 0,
 'tn_video/22.mp4': 3205,
 'fn_video/22.mp4': 12}