{'_mean_f1_score': 0.8761365296990593,
 'f1_score_video/03.mp4': 0.9047619047619047,
 'tp_video/03.mp4': 19,
 'fp_video/03.mp4': 0,
 'tn_video/03.mp4': 3172,
 'fn_video/03.mp4': 4,
 'f1_score_video/04.mp4': 0.9333333333333333,
 'tp_video/04.mp4': 28,
 'fp_video/04.mp4': 2,
 'tn_video/04.mp4': 3356,
 'fn_video/04.mp4': 2,
 'f1_score_video/05.mp4': 0.5901639344262295,
 'tp_video/05.mp4': 18,
 'fp_video/05.mp4': 25,
 'tn_video/05.mp4': 5231,
 'fn_video/05.mp4': 0,
 'f1_score_video/07.mp4': 0.9547738693467337,
 'tp_video/07.mp4': 95,
 'fp_video/07.mp4': 2,
 'tn_video/07.mp4': 3217,
 'fn_video/07.mp4': 7,
 'f1_score_video/08.mp4': 0.9787234042553191,
 'tp_video/08.mp4': 23,
 'fp_video/08.mp4': 1,
 'tn_video/08.mp4': 2586,
 'fn_video/08.mp4': 0,
 'f1_score_video/10.mp4': 0.951219512195122,
 'tp_video/10.mp4': 39,
 'fp_video/10.mp4': 1,
 'tn_video/10.mp4': 2697,
 'fn_video/10.mp4': 3,
 'f1_score_video/14.mp4': 0.7524752475247525,
 'tp_video/14.mp4': 38,
 'fp_video/14.mp4': 23,
 'tn_video/14.mp4': 1878,
 'fn_video/14.mp4': 2,
 'f1_score_video/17.mp4': 0.9,
 'tp_video/17.mp4': 27,
 'fp_video/17.mp4': 0,
 'tn_video/17.mp4': 2666,
 'fn_video/17.mp4': 6,
 'f1_score_video/21.mp4': 0.891566265060241,
 'tp_video/21.mp4': 74,
 'fp_video/21.mp4': 12,
 'tn_video/21.mp4': 4806,
 'fn_video/21.mp4': 6,
 'f1_score_video/22.mp4': 0.9043478260869565,
 'tp_video/22.mp4': 52,
 'fp_video/22.mp4': 1,
 'tn_video/22.mp4': 3204,
 'fn_video/22.mp4': 10}