{'_mean_f1_score': 0.8607040765865515,
 'f1_score_video/03.mp4': 0.9047619047619047,
 'tp_video/03.mp4': 19,
 'fp_video/03.mp4': 0,
 'tn_video/03.mp4': 3172,
 'fn_video/03.mp4': 4,
 'f1_score_video/04.mp4': 0.9032258064516129,
 'tp_video/04.mp4': 28,
 'fp_video/04.mp4': 4,
 'tn_video/04.mp4': 3354,
 'fn_video/04.mp4': 2,
 'f1_score_video/05.mp4': 0.5806451612903226,
 'tp_video/05.mp4': 18,
 'fp_video/05.mp4': 26,
 'tn_video/05.mp4': 5230,
 'fn_video/05.mp4': 0,
 'f1_score_video/07.mp4': 0.9447236180904522,
 'tp_video/07.mp4': 94,
 'fp_video/07.mp4': 3,
 'tn_video/07.mp4': 3216,
 'fn_video/07.mp4': 8,
 'f1_score_video/08.mp4': 0.9565217391304348,
 'tp_video/08.mp4': 22,
 'fp_video/08.mp4': 1,
 'tn_video/08.mp4': 2586,
 'fn_video/08.mp4': 1,
 'f1_score_video/10.mp4': 0.9397590361445782,
 'tp_video/10.mp4': 39,
 'fp_video/10.mp4': 2,
 'tn_video/10.mp4': 2696,
 'fn_video/10.mp4': 3,
 'f1_score_video/14.mp4': 0.7378640776699029,
 'tp_video/14.mp4': 38,
 'fp_video/14.mp4': 25,
 'tn_video/14.mp4': 1876,
 'fn_video/14.mp4': 2,
 'f1_score_video/17.mp4': 0.9180327868852458,
 'tp_video/17.mp4': 28,
 'fp_video/17.mp4': 0,
 'tn_video/17.mp4': 2666,
 'fn_video/17.mp4': 5,
 'f1_score_video/21.mp4': 0.869047619047619,
 'tp_video/21.mp4': 73,
 'fp_video/21.mp4': 15,
 'tn_video/21.mp4': 4803,
 'fn_video/21.mp4': 7,
 'f1_score_video/22.mp4': 0.8524590163934426,
 'tp_video/22.mp4': 52,
 'fp_video/22.mp4': 8,
 'tn_video/22.mp4': 3197,
 'fn_video/22.mp4': 10}